Eval	Assertion #	Fail Count
eval-1	1	10
eval-1	2	0
eval-1	3	0
eval-1	4	10
eval-1	5	0
eval-1	6	0
eval-1	7	0
eval-1	8	2
eval-2	1	1
eval-2	2	2
eval-2	3	1
eval-2	4	1
eval-2	5	2
eval-2	6	6
eval-2	7	3
eval-3	1	8
eval-3	2	5
eval-3	3	5
eval-3	4	5
eval-3	5	5
eval-3	6	5
eval-3	7	5
eval-4	1	4
eval-4	2	3
eval-4	3	3
eval-4	4	3
eval-4	5	8
eval-4	6	3
eval-5	1	4
eval-5	2	3
eval-5	3	3
eval-5	4	3
eval-5	5	7
eval-5	6	4
eval-6	1	2
eval-6	2	3
eval-6	3	10
eval-6	4	2
